model,(AdaBoost),(CART),(KNN),(Log. Reg.),(RF),(SVM (Linear)),(SVM (Poly)),(SVM (RBF))
(AdaBoost),1.0,0.91,0.86,0.93,0.83,0.93,0.93,0.92
(CART),0.91,1.0,0.83,0.87,0.8,0.88,0.88,0.87
(KNN),0.86,0.83,1.0,0.87,0.82,0.87,0.88,0.89
(Log. Reg.),0.93,0.87,0.87,1.0,0.82,0.98,0.95,0.93
(RF),0.83,0.8,0.82,0.82,1.0,0.82,0.83,0.85
(SVM (Linear)),0.93,0.88,0.87,0.98,0.82,1.0,0.95,0.93
(SVM (Poly)),0.93,0.88,0.88,0.95,0.83,0.95,1.0,0.96
(SVM (RBF)),0.92,0.87,0.89,0.93,0.85,0.93,0.96,1.0
